20
1 14 7
3 5 10
4 10 7
8 16 19
11 10 0
20 1 13
26 8 6
30 8 0
38 19 7
40 19 12
40 16 0
42 1 6
46 1 19
49 19 1
59 7 14
61 1 8
65 10 8
69 1 3
75 6 11
83 12 6
89 4 5
90 14 16
98 5 1
102 8 12
109 8 10
111 0 2
115 11 14
117 18 5
118 17 14
123 14 7
127 17 0
136 14 12
139 2 3
146 6 1
149 17 4
150 8 2
154 15 19
159 14 17
161 15 0
168 3 9
172 8 10
178 3 8
180 6 13
190 16 8
194 17 6
194 13 3
198 4 7
202 7 19
202 4 9
205 13 0
209 2 17
213 14 15
215 18 0
219 3 18
226 8 14
229 18 2
233 2 16
234 18 6
238 11 8
246 2 19
246 6 5
255 1 17
258 10 18
265 4 9
266 5 10
269 7 5
275 7 1
277 19 16
287 15 19
287 14 17
291 12 7
295 9 6
295 7 5
298 17 9
301 15 16
307 18 1
311 2 19
318 15 7
320 3 6
323 14 6
329 5 3
335 12 19
338 14 2
339 1 7
340 5 6
341 12 6
342 17 16
344 15 4
346 10 13
350 11 17
353 13 5
354 8 10
356 19 7
358 9 19
362 15 17
376 8 5
382 11 5
383 15 9
387 9 19
394 1 13
